DATE:2026-05-11
10221
10223
10224
1029691
1029692
1029693
1029694
1029695
1029696
1029697
1029698
1034302
108600
108604
108711
108712
108723
108724
108725
1091500
1091501
1183851
1203191
12101
12221
12222
12223
1222681
1238081
1238082
1238841
1238853
1239382
1262541
1269371
1282271
1282272
1284714
1295901
13531
13532
1390351
1456941
1460471
1498571
1501751
1551361
1557991
1594041
1613280
1613281
1623731
1663851
1665461
1673164
1716751
1724940
1724941
1724942
1790601
1808501
1835740
1835741
1835750
1835751
1839450
1872750
1899671
1913371
1963611
19681
1974051
2000951
2005310
2005311
202971
202972
202973
202974
202975
202981
202991
202992
202998
203001
2050651
2050653
2073622
208481
208482
208491
209101
209161
209162
209163
209164
209171
209172
209180
209183
209184
210011
210012
210013
210014
210015
210016
210017
210018
210019
2101210
2109300
2109301
2109307
2109311
2109313
2109315
2117480
2117836
2117837
2117861
2117864
2117866
212581
212582
212601
212602
212603
212604
212911
212912
212921
212931
2129531
2138330
2138338
2138721
2139461
2167703
219091
219092
219094
219096
219097
219098
219099
219101
219102
219103
219104
2192791
2193910
2193911
220051
220052
220241
220246
221041
221044
222021
222441
222481
224061
224062
224063
226457
227128
227129
227130
227131
227132
228580
228982
228983
228984
228985
228986
228987
228988
228989
228990
229000
229001
229002
229005
229006
229007
229621
229622
229626
229627
229628
229629
229630
2302800
232490
232510
232530
232550
232570
232590
233171
233181
2351530
2353061
236080
237111
238801
238811
2407271
241100
241561
241562
2416451
2428540
2461851
247161
247169
24741
2497901
2507300
251576
254701
254703
254704
255164
255561
255569
2574580
259250
259251
259252
259253
2621
2623
2646461
265551
265552
265554
2668511
2668512
267551
267552
267554
2692991
272260
272261
274110
274111
274112
278140
2796181
2807961
2840771
2840775
286635
286636
286910
286911
286912
286913
286914
286915
287291
291481
2928601
2947441
2969161
3028332
304242
311211
311212
311221
3124541
312661
312662
312663
312664
312665
312666
312667
312668
312669
314431
319810
320350
320351
320352
320353
320360
320361
320362
320363
320370
320371
320372
320380
320381
320382
320383
320384
320385
320386
320387
320388
3240221
3240222
3240223
3240224
3240225
3253320
33231
3340991
3351141
3354751
3357651
339341
339342
339343
3405691
3405713
3454981
3472041
3472042
3527291
3551341
3551342
3564741
3634521
3634522
3648731
366841
366844
366845
366846
366847
366849
367521
3701
3702
3707
3764201
3764203
381710
381711
381712
381713
381715
381716
381717
3859920
3879491
3893181
3920611
3968691
3990800
3990820
401148
401340
401341
406140
408639
408791
408795
408807
408819
408831
408835
408837
408839
408841
408843
408845
408847
4198761
4198763
4249101
4249102
4249103
4249121
4249122
4249123
42701
42702
42703
42704
42714
42715
42716
42717
42718
42719
42722
42723
430390
431961
4351720
454651
460115
460932
460933
460934
460935
460936
460937
460938
460939
464378
474741
474742
474743
474744
474745
474746
474747
474760
474761
474762
474763
474764
474765
474766
481
503561
513030
513031
513032
513033
513034
513037
527054
543461
543464
551
552
567091
571261
571263
571264
573831
573832
581452
624765
627271
63381
63382
63390
63391
63392
63393
63394
63395
63398
63399
670291
678951
731
732
735
736
737
738
739631
816021
830450
830451
830460
830461
848452
952062
952064
977401
